2706165297
2705127260
2555369417
2620716983
2687746724
2666163542
2639063413
2693487964
2698152253
2683139517
2692465986
2478923551
2475573253
2657766279
2683867009
2684432398
2507918267
2529425932
2612442996
2661565572
2698182643
2407258591
2525331832
2646363265
2708484121
2629924524
2639836038
2682737333
2689617503
2714520206
2634843267
2554816639
2518193646
2578647697
2552261957
2655647133
2658029432
2638415646
2497092156
2546228760
2525913591
2670902591
2520534612
2574083965
2622544935
2547375790
2661690482
2468992894
2682229977
2704547206
2689902290
2707519879
2632855427
2610231104
2602222983
2542416403
2504649614
2708857017
2715190488
2711190628
2565871836
2667505657
2682407228
2609188847
2666222252
2692896410
2574394562
2577782291
2671956870
2634299489
2648293010
2634567489
2674070097
2612884729
2678478676
2658047965
2643044752
2495455669
2660004123
2697375650
2430524968
2584987899
2696669716
2677846752
2564762151
2706282332
2581499900
2653741655
2613933464
2584113381
2710463024
2442027502
2641673559
2620987836
2696332524
2670526801
2676707861
2438292020
2706357102
2522265102
2452313143
2560303885
2695734629
2709403790
2616066405
2626392107
2552389915
2607570464
2698698442
2690718550
2618444184
2656938254
2520616358
2682677155
2646071928
2526060026
2698345588
2545643843
2618963380
2637019438
2700455980
2691442611
2664719797
2695101341
2512179117
2698204465
2709928565
2520873565
2488368984
2685989156
2660317553
2585465480
2714105922
2708940624
2710866593
2634350920
2656779637
2520739691
2673675069
2688873035
2697815289
2665152447
2676509120
2705795932
2638315487
2698318225
2707759560
2692033418
2642386284
2531631787
2539769657
2706035001
2506845820
2655112384
2603640494
2620319207
2616469696
2647712471
2434987000
2705285062
2698839392
2451877636
2705085753
2698801884
2559336635
2649074717
2629078945
2651434039
2715090604
2664618691
2708691583
2696454443
2549684428
2679583289
2506861788
2689832433
2623282885
2558394509
2663362840
2712344856
2690568136
2574546788
2514269356
2699055638
2638748559
2671144479
2642706545
2578142821
2573627381
2664091996
2533756035
2628977835
2624459340
2637036038
2567116558
2698925928
2612828077
2686342248
2698623721
2695902093
2566526940
2558708161
2688927704
2646751151
2677956086
2630147981
2512931513
2572797781
2709644038
2671233524
2548715816
2634233774
2694635426
2669401636
2703626394
2700106989
2709688014
2622967273
2683508772
2706131969
2647587784
2474537199
2664628942
2713051252
2710327155
2628152224
2613384244
2693457426
2662091579
2668500683
2685011631
2576219155
2716261904
2663088775
2515180809
2692005008
2628434596
2487120533
2689111101
2658934052
2685449094
2698150772
2659705139
2678102998
2616238898
2685588918
2512585147
2547368416
2525394853
2574719212
2619179762
2490908624
2521643489
2704298531
2575784184
2685633057
2684259560
2636418350
2636448596
2699773998
2683950181
2664466840
2478347822
2557033321
2670368027
2616712030
2629570170
2638094801
2628223897
2704918732
2514836260
2602079096
2671060971
2629908649
2476882724
2690737342
2579685854
2657897791
2696260707
2552710332
2531803850
2638095828
2716367066
2608258885
2547569563
2709107328
2636320027
2711289956
2651414876
2628204727
2665574103
2658297895
2694661830
2640272082
2512567020
2417099944
2637717888
2508012917
2514211175
2440498598
2560583135
2609670359
2644165788
2577003589
2711946178
2669222396
2666380198
2509086690
2717255137
2703080307
2500883201
2633647942
2689760444
2537517941
2690513648
2709239695
2678188378
2698678196
2700869387
2716679640
2700653527
2707114271
2614299953
2553763000
2626140615
2689897931
2509755014
2677902155
2623115572
2625328122
2691987101
2709952010
2716313500
2698416605
2585775145
2645097211
2513356467
2704068988
2663243572
2704143567
2492329081
2712487749
2709734434
2623808219
2678335091
2658537925
2705075993
2628100980
2596639615
2680662657
2584307682
2624358294
2689237161
2710756112
2647754589
2634664860
2462024605
2417957452
2578772450
2697232154
2714065756
2490752261
2708845145
2518688340
2708877733
2634243359
2707254047
2710890446
2538042573
2710849113
2504807729
2649572330
2708443577
2629051765
2682300652
2565066776
2705080491
2504609940
2703680040
2692977851
2670119088
2694251220
2506780854
2520932468
2635356500
2628688047
2704488925
2705843125
2549426741
2571885518
2695177587
2689034265
2700490977
2672474003
2703864417
2584628410
2687071029
2666228949
2596158789
2502457181
2689194302
2674595321
2456961456
2691421108
2695183591
2667319952
2697223179
2577881521
2703669410
2557097455
2624261888
2674761432
2645536592
2711153950
2497236568
2693568944
2698343123
2612756733
2528964682
2439052862
2647184445
2491191603
2702816737
2665123486
2678410940
2674165201
2688567689
2559225076
2676026715
2662145937
2616243352
2691991358
2543434609
2714885455
2660436463
2690792511
2617923373
2623422663
2689578724
2677258004
2488518724
2708920272
2675693742
2702001947
2554622532
2710961637
2624500286
2709134415
2694489835
2711190120
2616426143
2583169074
2512385149
2707647691
2621901311
2605748405
2686815730
2714443966
2687871506
2696564915
2561189592
2692062344
2693696510
2564404001
2705782235
2709686532
2445944292
2710100475
2660735307
2687030770
2520736219
2624499225
2664009498
2669381196
2642342622
2709514173
2634942141
2543355332
2707348915
2563709353
2658426501
2653601067
2696861590
2692962692
2696343156
2653269596
2704986232
2701672827
2609049630
2708777209
2570180863
2716633634
2566849641
2642193739
2482210411
2544806786
2660592595
2570586515
2679381253
2625325756
2690588609
2715522991
2546984394
2476663154
2716924772
2676268363
2537534547
2620285189
2607767355
2621614127
2583280757
2497165506
2523761864
2655932384
2663693694
2676421808
2554293285
2535049571
2520508705
2676425263
2671752276
2569543131
2655870636
2465983428
2699765009
2688117556
2571114602
2697647261
2686152638
2663961976
2215361862
2689851760
2685327618
2670313082
2683746999
2677443641
2695994152
2641563991
2679703928
2697445842
2498509848
2661260643
2640658859
2695231220
2706257209
2712826958
2678179854
2714860660
2644087219
2696770654
2712226608
2614568387
2539003950
2678163411
2689424819
2637009794
2621499635
2693992215
2606826934
2666053281
2657013060
2702994188
2428607226
2671007417
2681309830
2713219820
2628923001
2682324969
2710416872
2683453673
2631792703
2709601200
2670054457
2673685444
2628241415
2711123683
2682833480
2627384700
2650782149
2709674422
2695445759
2700263929
2578913204
2620554376
2707873080
2530534064
2697535287
2544904805
2656230908
2614166679
2712486309
2676128611
2537791164
2565911806
2639683607
2690292832
2711073014
2648771599
2609544739
2522271121
2701299985
2685148833
2683983260
2561491583
2653792517
2471419966
2673683769
2674119542
2557918409
2709876618
2554937137
2523624603
2653625777
2615804544
2609788435
2702563009
2678756132
2681466808
2660671591
2585107949
2648425409
2571022763
2680998565
2426530028
2639202855
2651125599
2511863939
2703070326
2695359203
2613522679
2695971607
2632394042
2703541159
2713310596
2696692237
2538757921
2666136238
2674204803
2698431400
2626003575
2503202287
2508618782
2669438386
2577683191
2573966578
2530668718
2640603392
2502761360
2707325103
2655670068
2642526286
2466312782
2550962867
2474161703
2681163155
2683787824
2714661583
2497514780
2475824951
2545676687
2552055711
2640592924
2630778994
2655126683
2667133379
2598009008
2688670850
2643222757
2550624717
2690703218
2660896903
2575989337
2613224329
2537678026
2669787778
2619919028
2652636041
2569255279
2498699169
2620445252
2547659506
2669007486
2689928254
2675371938
2710432753
2662961615
2624990030
2712344102
2714477677
2663883864
2559866695
2572831966
2654092078
2704042346
2618067281
2618826222
2540619844
2716419005
2655878943
2536881426
2631236067
2715100627
2679125509
2702012030
2691974156
2649838653
2644624134
2667696420
2492536378
2672995250
2684303115
2684090091
2682088571
2634396938
2637492395
2674532536
2474147539
2637683930
2684857460
2611951915
2542033357
2710168114
2504539275
2716979484
2655261604
2629199142
2716414134
2651240932
2628646575
2522547939
2521908373
2681239029
2551994027
2632467373
2559562223
2607371447
2484218800
2679553412
2716887945
2491101935
2509150968
2689363046
2648181075
2503257111
2632007068
2697777559
2521376051
2684443586
2617721895
2688500031
2670965752
2647801827
2667727501
2698877032
2518603053
2632581332
2656906764
2688074061
2567838102
2710355647
2691370133
2570131993
2670213947
2537002977
2661693513
2647643588
2679077678
2572600166
2661821918
2667839459
2617430576
2645113725
2695451994
2638921957
2692623745
2584015410
2666308306
2520126575
2585588808
2692036606
2532358761
2636305659
2704372942
2713355167
2650679288
2554127221
2615919960
2636722214
2703618434
2696446446
2688594745
2691971500
2530638924
2602472779
2715872406
2558729281
2678726765
2605320239
2716352814
2656883111
2685051702
2664182182
2704424712
2700446353
2497731034
2682081558
2676438944
2499984401
2693933002
2647732817
2693190841
2706558927
2580215512
2538575131
2444897054
2697810420
2705444608
2710188956
2653542723
2493547662
2610846948
2583763246
2543232180
2654583624
2679332833
2581330984
2655547352
2625911329
2648765177
2499400146
2686691097
2612683167
2659906039
2693027773
2709855043
2683963267
2692055005
2684401095
2685083704
2685003123
2547810279
2578240941
2587556744
2640851811
2698774056
2671625537
2637771312
2673629729
2698070515
2645301808
2547340547
2569899397
2694989547
2655491663
2562684293
2685568143
2645217454
2648313017
2449874373
2667641834
2695322808
2639251616
2660743192
2692813909
2671145804
2433860552
2643472525
2617098838
2688227508
2512725665
2670135452
2666032205
2489251058
2552087609
2695287148
2669487720
2688820875
2639718859
2680193017
2682945515
2694691293
2629299213
2619346914
2682501452
2698961975
2504431670
2643481632
2711303436
2661739401
2704880056
2682769678
2685934046
2697193164
2451836751
2630980204
2682446858
2667204854
2695533883
2654873844
2616416061
2697245491
2538119796
2687517951
2632068001
2570862205
2652981203
2599548696
2503887825
2568741741
2686215664
2525822367
2691988411
2693546353
2686633369
2698565910
2715332833
2622660378
2690194608
2696982766
2691951865
2641715030
2457264080
2626386299
2709087521
2617727383
2710760178
2633277839
2468971321
2672710397
2395304063
2697011346
2571813612
2709140713
2662969810
2642739823
2561418146
2415165549
2686721015
2690436038
2531378096
2656758828
2709450740
2571561773
2682897965
2544040184
2668787403
2701302051
2645620687
2683848158
2691994596
2525997994
2671236579
2635753734
2697818202
2569974496
2670456214
2682044074
2614208599
2683371807
2654542991
2645068566
2701282058
2655604597
2653678548
2524167510
2650424247
2516714286
2667184974
2631230227
2708543347
2699689378
2672749893
2684088238
2579399082
2649578319
2672933800
2649259245
2500804136
2708450548
2625190603
2711242946
2549554902
2653692287
2646002188
2711008236
2704168665
2620425702
2712215276
2643433656
2649458308
2699594703
2689076255
2694278154
2715933347
2634700731
2531701907
2575002796
2711022910
2694926858
2633155228
2610215901
2652912955
2526509877
2681246975
2707270217
2488106295
2665384223
2674536981
2688244320
2620132205
2700520961
2710732280
2697216925
2669038948
2700052461
2644297378
2553847228
2704851444
2482645921
2661770814
2638901532
2522633671
2689009734
2516757141
2708544594
2632815484
2677432847
2585930499
2668214220
2699342083
2544750537
2663701084
2684490321
2533771733
2533884763
2564500609
2715873151
2641583891
2707190185
2684386362
2690562753
2680735682
2544378845
2715179830
2634203521
2711713188
2680389291
2688151689
2687104102
2703529077
2580152625
2688074186
2707004787
2640638777
2631486502
2697847061
2574244644
2698106352
2711110037
2629019191
2703181404
2473954832
2706517852
2526387083
2629584905
2697577818
2665048668
2638139349
2640527934
2649949584
2660527258
2663034191
2708988159
2623343422
2635261910
2680031941
2511187724
2664272656
2511560749
2689150325
2712795656
2704090489
2691747934
2692022327
2578068117
2691803355
2663262315
2709678198
2676089803
2667385409
2635181229
2697050024
2632027133
2623782653
2663236513
2639089143
2694815331
2703980904
2689556725
2546440248
2706016483
2494862730
2634783231
2702767405
2687279254
2584413932
2676437502
2700022253
2708225859
979987793
2665535168
2674568712
2692734914
2704952310
2714685357
2672657342
2710189901
2689464884
2673028269
2637070432
2563483285
2704499695
2635013541
2651261853
2635778534
2713459196
2559679362
2625310088
2592322710
2717175395
2570734792
2704933730
2706014885
2697881981
2711534524
2629041485
2552274085
2697384535
2467238835
2567913175
2531892296
2663770677
2716526258
2701961078
2712956036
2489592180
2679899183
2697507316
2649139759
2705276795
2558933125
2716257560
2556500338
2612190248
2683651206
2695092983
2716943685
2681346952
2711333282
2570049352
2610337732
2688941771
2638142102
2664115489
2699958368
2661356880
2699521203
2693447471
2550254084
2713321147
2667371577
2715838381
2498530665
2668286859
2623970034
2697249503
2688131946
2663690162
2698987683
2658920203
2693060184
2711630457
2565068736
2651562095
2637966813
2716303320
2654563745
2706025375
2694605679
2543754667
2671436036
2664903385
2649798255
2660840556
2624477127
2706141191
2699422530
2467197621
2617467453
2633367531
2658520304
2577388187
2639030486
2516053542
2685334409
2682202580
2645509561
2583055864
2573170563
2656384278
2508028369
2707256313
2613831734
2520891003
2697711105
2663467052
2658932065
2666390643
2524214722
2694218771
2699648214
2584001962
2662218036
2689476128
2683786574
2678159422
2605708474
2705818434
2686294171
2537534638
2635030136
2682188232
2634367741
2640520462
2667236176
2630304175
2611300721
2690299394
2624840182
2709127090
2614071911
2488237163
2540137193
2689967036
2578520695
2628048218
2491953896
2666084583
2629415977
2619803991
2716730268
2662881128
2556878438
2429537442
2658918299
2545923554
2525632823
2563386947
2686595805
2428074928
2699712186
2634190529
2635901210
2562094031
2695148504
2655613167
2704943721
2631348101
2533333638
2632453081
2667645673
2559540532
2505217347
2626045473
2565332039
2461261421
2692273712
2620311593
2665870421
2572867366
2690588255
2580331384
2620473664
2631601054
2684092608
2576696840
2648132790
2666083498
2663833738
2650021293
2716251637
2518641493
2632001250
2699665783
2698067584
2557190691
2704861169
2615214362
2688758218
2500521637
2627730741
2673707031
2650211940
2532235327
2704051716